Time = 0.14716601
Wall_Time = 0.14511490
Status = integer optimal solution
Nodes = 0
Gap = 0.0
Solution = solution for: CPLEX_deployment
objective: 1387
status: OPTIMAL_SOLUTION(2)
C1_VM5=1
C2_VM3=1
C3_VM4=1
C4_VM1=1
C5_VM5=1
VM1_Offer15=1
VM1_Offer16=1
VM1_Offer17=1
VM3_Offer17=1
VM4_Offer16=1
VM4_Offer17=1
VM5_Offer16=1
VM5_Offer17=1
VM5_Offer18=1
PriceProv1=653.000
PriceProv3=128.000
PriceProv4=274.000
PriceProv5=332.000
v_0=1
v_1=1
v_2=1
v_3=1
v_4=1

Solve_details = status  = integer optimal solution
time    = 0.145115 s.
problem = MILP
gap     = 0%

Objective = 1387.0

Allocation matrix components x VM
0 0 0 0 1
0 0 1 0 0
0 0 0 1 0
1 0 0 0 0
0 0 0 0 1

VM type vector 
[15, 0, 17, 16, 16]

 VM Prices
PriceProv1 = 653.0
PriceProv3 = 128.0
PriceProv4 = 274.0
PriceProv5 = 332.0

 VM allocation
C1_VM5 = 1
C2_VM3 = 1
C3_VM4 = 1
C4_VM1 = 1
C5_VM5 = 1
